Using XY spins
num of temperatures = 1
Starting simulation...

0.1 -31.527105676982696 993.9829701173234 0.09102870255101488
single_spin_flip_acc: [0.6111111111111112]
Acceptant rate of loop update: 
0.1 0.0 0.0
<CPUtime> 
 rank=0 : [75123.5, 1.0, 2.0, 379153.0]
af2: 0.1 0.0016247695549340838
op2: 0.1 0.19419659221094376
Ferro_vc2: 0.1 2.5365236631033726e-5
AF_vc2: 0.1 0.9444300140400902
m2q0: 0.1 0.0016247695549340838
m2_sqrt3: 0.1 0.4885560288423061
m120degs: 0.1 0.7766047224585904
af4: 0.1 3.401576820980382e-6
op4: 0.1 0.03771597979466311
Ferro_vc4: 0.1 9.351870418485572e-10
AF_vc4: 0.1 0.8920839312721786
m4q0: 0.1 3.401576820980382e-6
m4_sqrt3: 0.1 0.2386870148865023
m120degs4: 0.1 0.6031754312657891

Statistics of replica exchange Monte Carlo
