Using XY spins
num of temperatures = 2
Starting simulation...

0.1 40.78872553142341 1663.7201304777918 0.0
1.0 14.94066380160939 223.22343483272113 0.0
single_spin_flip_acc: [0.8888888888888888, 1.0]
Acceptant rate of loop update: 
0.1 0.0 0.0
1.0 0.0 0.0
<CPUtime> 
 rank=0 : [199668.0, 0.0, 0.0, 355664.0]
af2: 0.1 0.678922736544208
op2: 0.1 0.1037474343097547
Ferro_vc2: 0.1 6.640457234363879e-6
AF_vc2: 0.1 8.875635759534338e-5
m2q0: 0.1 0.678922736544208
m2_sqrt3: 0.1 0.019735597692357176
m120degs2: 0.1 0.012049893006254303
af4: 0.1 0.46093608219667603
op4: 0.1 0.010763530125856865
Ferro_vc4: 0.1 4.409567228141558e-11
AF_vc4: 0.1 7.877691013592469e-9
m4q0: 0.1 0.46093608219667603
m4_sqrt3: 0.1 0.0003894938162745739
m120degs4: 0.1 0.00014519992146217638
af2: 1.0 0.33455122639190216
op2: 1.0 0.056042480548857604
Ferro_vc2: 1.0 0.0004285896277593377
AF_vc2: 1.0 0.0020840142251819156
m2q0: 1.0 0.33455122639190216
m2_sqrt3: 1.0 0.10169754918418979
m120degs2: 1.0 0.0480547017591405
af4: 1.0 0.11192452308032577
op4: 1.0 0.0031407596260690828
Ferro_vc4: 1.0 1.8368906902288763e-7
AF_vc4: 1.0 4.34311529076058e-6
m4q0: 1.0 0.11192452308032577
m4_sqrt3: 1.0 0.0103423915100707
m120degs4: 1.0 0.002309254361159941

Statistics of replica exchange Monte Carlo
itemp 1 <=> 2 acceptance_rate= NaN
