Using XY spins
num of temperatures = 2
Starting simulation...

0.1 37.67470043693726 1429.0802053020498 35.91537884847941
1.0 7.799842293854161 111.82887161461579 1.8885678446525793
single_spin_flip_acc: [0.8518518518518519, 0.9814814814814814]
Acceptant rate of loop update: 
0.1 0.0 0.0
1.0 0.0 0.0
<CPUtime> 
 rank=0 : [80904.0, 0.5, 3.0, 226114.0]
af2: 0.1 0.6062986805199959
op2: 0.1 0.09159628359436388
Ferro_vc2: 0.1 0.00017199111995972027
AF_vc2: 0.1 0.0003787796342807359
m2q0: 0.1 0.6062986805199959
m2_sqrt3: 0.1 0.030537054574803123
m120degs: 0.1 0.009304402955329662
af4: 0.1 0.37287234351369597
op4: 0.1 0.008537529632007275
Ferro_vc4: 0.1 5.692178700871345e-8
AF_vc4: 0.1 2.2758751236517977e-7
m4q0: 0.1 0.37287234351369597
m4_sqrt3: 0.1 0.0010491831728878431
m120degs4: 0.1 9.410962997487355e-5
af2: 1.0 0.19973015386808765
op2: 1.0 0.034386056062708115
Ferro_vc2: 1.0 0.001296770432567855
AF_vc2: 1.0 0.011365651122566144
m2q0: 1.0 0.19973015386808765
m2_sqrt3: 1.0 0.0997616981879258
m120degs: 1.0 0.03499706537285925
af4: 1.0 0.05806885596064162
op4: 1.0 0.0016514015730720005
Ferro_vc4: 1.0 2.4353514646201866e-6
AF_vc4: 1.0 0.00021532680893477334
m4q0: 1.0 0.05806885596064162
m4_sqrt3: 1.0 0.009956143944418534
m120degs4: 1.0 0.0013952964527085203

Statistics of replica exchange Monte Carlo
itemp 1 <=> 2 acceptance_rate= NaN
