Using XY spins
num of temperatures = 1
Starting simulation...

0.1 38.29333462336273 1472.606452360863 23.06287327419256
single_spin_flip_acc: [0.8518518518518519]
Acceptant rate of loop update: 
0.1 0.0 0.0
<CPUtime> 
 rank=0 : [177428.5, 2.5, 2.5, 412052.5]
af2: 0.1 0.661541191280214
op2: 0.1 0.10336924635621572
Ferro_vc2: 0.1 0.00024407768855863826
AF_vc2: 0.1 4.446486070546038e-5
m2q0: 0.1 0.661541191280214
m2_sqrt3: 0.1 0.04241877785000458
m120degs: 0.1 0.01912435060554773
af4: 0.1 0.437938865876209
op4: 0.1 0.010685344118380222
Ferro_vc4: 0.1 1.1595035687106459e-7
AF_vc4: 0.1 3.93886053430251e-9
m4q0: 0.1 0.437938865876209
m4_sqrt3: 0.1 0.002313879376352328
m120degs4: 0.1 0.0004157887364081142

Statistics of replica exchange Monte Carlo
