Using XY spins
num of temperatures = 2
Starting simulation...

0.1 45.46663380592286 2067.2147896418874 0.0
1.0 29.332649390517993 860.4043202670556 0.0
single_spin_flip_acc: [1.0, 0.9629629629629629]
Acceptant rate of loop update: 
0.1 0.0 0.0
1.0 0.0 0.0
<CPUtime> 
 rank=0 : [162025.0, 1.0, 1.0, 350087.0]
 rank=1 : [167902.0, 0.0, 1.0, 370658.0]
af2: 0.1 0.9328595455638925
op2: 0.1 0.27129960261517805
Ferro_vc2: 0.1 8.50128608907778e-6
AF_vc2: 0.1 0.0
m2q0: 0.1 0.9328595455638925
m2_sqrt3: 0.1 0.005503624074387991
m120degs2: 0.1 0.5274679796803114
af4: 0.1 0.870226931749672
op4: 0.1 0.07360347437915353
Ferro_vc4: 0.1 7.227186516834738e-11
AF_vc4: 0.1 0.0
m4q0: 0.1 0.870226931749672
m4_sqrt3: 0.1 3.028987795218307e-5
m120degs4: 0.1 0.27822246958802943
af2: 1.0 0.6340071612087943
op2: 1.0 0.13570975597136595
Ferro_vc2: 1.0 0.0025567151400183335
AF_vc2: 1.0 0.0
m2q0: 1.0 0.6340071612087943
m2_sqrt3: 1.0 0.03576044707145183
m120degs2: 1.0 0.18514734345420375
af4: 1.0 0.40196508046403406
op4: 1.0 0.018417137865807696
Ferro_vc4: 1.0 6.536792307198966e-6
AF_vc4: 1.0 0.0
m4q0: 1.0 0.40196508046403406
m4_sqrt3: 1.0 0.0012788095747501079
m120degs4: 1.0 0.034279538788148885

Statistics of replica exchange Monte Carlo
itemp 1 <=> 2 acceptance_rate= NaN
